FromNodeId	ToNodeId
0	1
1	0
1	2
1	3
1	4
1	5
1	6
1	7
1	8
1	9
1	10
1	11
1	12
1	13
1	14
1	15
1	16
1	17
1	18
1	19
1	20
1	21
1	22
1	23
1	24
1	25
1	26
1	27
1	28
1	29
1	30
1	31
1	32
1	33
1	34
1	35
1	36
1	37
1	38
1	39
1	40
1	41
1	42
1	43
1	44
1	45
1	46
1	47
1	48
1	49
1	50
1	51
1	52
1	53
1	54
1	55
1	56
1	57
1	58
1	59
1	60
1	61
1	62
1	63
1	64
1	65
1	66
1	67
1	68
1	69
1	70
2	1
3	1
3	4
3	6
3	878
3	8552
4	1
4	3
4	49
4	50
4	74
4	878
4	910
4	8552
5	1
5	56
5	75
5	86
5	93
5	106
5	136
5	140
5	144
5	145
5	151
5	188
5	195
5	212
5	213
5	301
5	416
5	443
5	478
5	566
5	588
5	647
5	734
5	823
5	851
5	919
5	1330
5	1359
5	1365
5	1371
5	1672
5	1725
5	1768
5	1793
5	1824
5	2718
5	2737
5	2753
5	3027
5	3237
5	3311
5	3334
5	3844
5	4153
5	4398
5	4746
5	5030
5	5033
5	5036
5	5048
5	5050
5	5061
5	6917
5	9132
5	9136
5	9498
5	9499
5	9500
5	9501
5	9502
5	9503
5	9504
6	1
6	3
6	7
6	50
6	74
6	308
6	878
6	910
6	10606
7	1
7	6
7	49
7	50
7	74
7	88
7	118
7	308
7	851
7	878
7	910
7	949
7	7775
7	10606
8	1
9	1
9	56
9	81
9	82
9	184
9	273
9	316
9	390
9	416
9	823
9	1053
9	1139
9	1330
9	1672
9	1725
9	1768
9	2348
9	2630
9	3334
9	3844
9	5020
9	5024
9	5033
9	5036
9	5050
9	5069
9	5587
9	8032
9	8556
9	8565
9	8566
9	9129
9	9130
9	9131
9	9132
9	9133
9	9134
9	9135
9	9136
10	1
10	11
10	12
10	13
11	1
11	10
11	12
11	13
11	74
12	1
12	10
12	11
12	13
12	74
13	1
13	10
13	11
13	12
13	56
13	74
13	78
13	82
13	115
13	128
13	362
13	959
13	960
13	961
13	962
14	1
15	1
15	56
15	102
15	112
15	133
15	1806
16	1
16	56
16	82
16	887
16	1365
17	1
18	1
18	316
18	416
18	8565
18	8566
19	1
19	5023
19	5024
20	1
21	1
21	78
21	189
21	204
22	1
23	1
24	1
25	1
25	74
26	1
27	1
27	56
27	72
27	74
27	75
27	76
27	83
27	93
27	95
27	102
27	106
27	107
27	109
27	112
27	128
27	133
27	136
27	140
27	145
27	184
27	195
27	232
27	301
27	308
27	353
27	402
27	409
27	416
27	443
27	458
27	478
27	652
27	734
27	802
27	851
27	873
27	887
27	929
27	939
27	1028
27	1139
27	1161
27	1287
27	1304
27	1334
27	1371
27	1507
27	1528
27	1552
27	1672
27	1819
27	1821
27	1824
27	1927
27	1935
27	2111
27	2253
27	2718
27	2720
27	2737
27	2753
27	2939
27	2947
27	3237
27	3844
27	4153
27	4398
27	4755
27	5033
27	5041
27	5045
27	5046
27	6826
27	6827
27	6828
27	6829
27	6830
27	6831
28	1
29	1
30	1
30	9137
31	1
31	5023
31	5024
32	1
32	9137
33	1
34	1
35	1
35	1768
35	9137
36	1
37	1
38	1
39	1
39	56
39	81
39	93
39	342
39	878
39	1588
39	1970
39	2737
39	5025
39	5026
39	5027
39	5587
39	8556
39	8558
39	8559
39	8560
39	8561
40	1
41	1
41	1768
41	9137
42	1
42	93
42	316
42	9861
43	1
44	1
44	56
44	878
44	1588
44	5026
44	5027
44	5587
44	8556
44	8560
44	8561
45	1
45	53
45	56
45	75
45	81
45	91
45	93
45	102
45	114
45	342
45	878
45	920
45	1588
45	1970
45	2348
45	2737
45	5027
45	5036
45	5587
45	8556
45	8557
45	8558
45	8559
45	8560
45	8561
46	1
46	53
46	56
46	75
46	80
46	81
46	82
46	83
46	89
46	90
46	93
46	102
46	106
46	107
46	114
46	128
46	136
46	140
46	145
46	195
46	273
46	277
46	286
46	308
46	370
46	402
46	409
46	458
46	543
46	588
46	659
46	734
46	823
46	851
46	875
46	879
46	880
46	918
46	919
46	920
46	922
46	929
46	950
46	966
46	1000
46	1028
46	1139
46	1161
46	1330
46	1334
46	1359
46	1365
46	1507
46	1560
46	1649
46	1672
46	1700
46	1723
46	1759
46	1768
46	1806
46	1817
46	1824
46	2253
46	2348
46	2715
46	2728
46	2737
46	2753
46	2773
46	3027
46	3844
46	4152
46	4746
46	5030
46	5031
46	5032
46	5033
46	5034
46	5035
46	5036
46	5037
46	5038
46	5039
46	5040
46	5041
46	5042
46	5043
46	5044
46	5045
46	5046
46	5047
46	5048
46	5049
46	5050
46	5051
46	5052
46	5053
46	5054
46	5055
46	5056
46	5057
46	5058
46	5059
46	5060
46	5061
46	5062
46	5063
46	5064
46	5065
46	5066
46	5067
47	1
48	1
49	1
49	4
49	7
49	50
49	74
49	88
49	118
49	910
49	949
49	8264
50	1
50	4
50	6
50	7
50	49
50	88
50	118
50	878
50	910
50	949
50	8264
51	1
51	109
51	316
51	823
51	3844
51	5020
51	9136
52	1
52	1768
52	9137
53	1
53	45
53	46
53	54
53	55
53	56
53	74
53	75
53	76
53	78
53	79
53	80
53	81
53	83
53	85
53	86
53	87
53	91
53	93
53	101
53	102
53	108
53	109
53	112
53	113
53	114
53	115
53	118
53	119
53	121
53	127
53	128
53	138
53	143
53	154
53	155
53	164
53	165
53	169
53	186
53	193
53	239
53	245
53	280
53	281
53	290
53	301
53	342
53	378
53	382
53	415
53	420
53	645
53	662
53	802
53	824
53	864
53	870
53	882
53	936
53	959
53	1028
53	1068
53	1354
53	1355
53	1486
53	1606
53	1668
53	1713
53	1797
53	1814
53	1849
53	1889
53	1891
53	1893
53	1947
53	1953
53	1964
53	1971
53	1976
53	1987
53	1993
53	2015
53	2039
53	2092
53	2093
53	2094
53	2095
53	2096
53	2097
53	2098
53	2099
53	2100
53	2101
53	2102
53	2103
53	2104
53	2105
53	2106
53	2107
53	2108
53	2109
53	2110
53	2111
53	2112
53	2113
53	2114
53	2115
53	2116
53	2117
53	2118
54	1
54	53
54	55
54	56
54	73
54	74
54	75
54	76
54	77
54	78
54	79
54	80
54	81
54	82
54	83
54	84
54	85
54	86
54	87
54	88
54	89
54	90
54	91
54	92
54	93
54	94
54	95
54	96
54	97
54	98
54	99
54	100
54	101
54	102
54	103
54	104
54	105
54	106
54	107
54	108
54	109
54	110
54	111
54	112
54	113
54	114
54	115
54	116
54	117
54	118
54	119
54	120
54	121
54	122
54	123
54	124
54	125
54	126
54	127
54	128
54	129
54	130
54	131
54	132
54	133
54	134
54	135
54	136
54	137
54	138
54	139
54	140
54	141
54	142
54	143
54	144
54	145
54	146
54	147
54	148
54	149
54	150
54	151
54	152
54	153
54	154
54	155
54	156
54	157
54	158
54	159
54	160
54	161
54	162
54	163
54	164
54	165
54	166
54	167
54	168
54	169
54	170
55	1
55	53
55	54
55	56
55	156
55	172
55	232
55	904
55	1976
55	2047
55	7949
55	10236
55	10238
55	10239
55	12130
55	13954
56	1
56	5
56	9
56	13
56	15
56	16
56	27
56	39
56	44
56	45
56	46
56	53
56	54
56	55
56	73
56	74
56	75
56	76
56	78
56	79
56	80
56	81
56	82
56	83
56	85
56	86
56	87
56	88
56	89
56	91
56	92
56	93
56	94
56	96
56	97
56	101
56	102
56	106
56	107
56	109
56	112
56	113
56	114
56	115
56	116
56	118
56	119
56	120
56	121
56	122
56	124
56	125
56	126
56	127
56	128
56	131
56	133
56	136
56	138
56	140
56	141
56	143
56	144
56	146
56	147
56	149
56	151
56	154
56	155
56	156
56	160
56	164
56	165
56	166
56	172
56	174
56	175
56	180
56	185
56	192
56	194
56	200
56	205
56	206
56	215
56	224
56	228
56	232
56	239
56	240
56	245
56	269
56	271
56	277
56	287
56	288
56	290
56	293
56	295
56	301
56	305
56	326
56	333
56	339
56	342
56	344
56	360
56	362
56	363
56	370
56	377
56	378
56	385
56	388
56	415
56	420
56	423
56	441
56	448
56	449
56	455
56	461
56	462
56	465
56	468
56	481
56	528
56	614
56	652
56	659
56	662
56	686
56	762
56	789
56	802
56	824
56	864
56	866
56	870
56	871
56	881
56	882
56	887
56	898
56	899
56	900
56	901
56	925
56	928
56	936
56	937
56	938
56	948
56	951
56	959
56	1023
56	1024
56	1077
56	1117
56	1139
56	1180
56	1202
56	1259
56	1298
56	1340
56	1341
56	1377
56	1392
56	1393
56	1459
56	1466
56	1471
56	1507
56	1535
56	1538
56	1552
56	1555
56	1566
56	1668
56	1710
56	1767
56	1784
56	1797
56	1801
56	1814
56	1821
56	1842
56	1888
56	1889
56	1891
56	1893
56	1894
56	1897
56	1903
56	1908
56	1910
56	1916
56	1925
56	1935
56	1936
56	1940
56	1941
56	1942
56	1943
56	1944
56	1945
56	1946
56	1947
56	1948
56	1949
56	1950
56	1951
56	1952
56	1953
56	1954
56	1955
56	1956
56	1957
56	1958
56	1959
56	1960
56	1961
56	1962
56	1963
56	1964
56	1965
56	1966
56	1967
56	1968
56	1969
56	1970
56	1971
56	1972
56	1973
56	1974
56	1975
56	1976
56	1977
56	1978
56	1979
56	1980
56	1981
56	1982
56	1983
56	1984
56	1985
56	1986
56	1987
56	1988
56	1989
56	1990
56	1991
56	1992
56	1993
56	1994
56	1995
56	1996
56	1997
56	1998
56	1999
56	2000
56	2001
56	2002
56	2003
56	2004
56	2005
56	2006
56	2007
56	2008
56	2009
56	2010
56	2011
56	2012
56	2013
56	2014
56	2015
56	2016
56	2017
56	2018
56	2019
56	2020
56	2021
56	2022
56	2023
56	2024
56	2025
56	2026
56	2027
56	2028
56	2029
56	2030
56	2031
56	2032
56	2033
56	2034
56	2035
56	2036
56	2037
56	2038
56	2039
56	2040
56	2041
56	2042
56	2043
56	2044
56	2045
56	2046
56	2047
56	2048
57	1
58	1
58	9137
59	1
59	81
59	878
59	1588
59	1970
59	2737
59	5027
59	8556
59	8559
59	8560
59	9508
60	1
60	109
60	273
60	1330
60	1725
60	2348
60	5024
60	5033
60	5069
60	9129
60	9130
60	9131
61	1
62	1
62	109
62	316
62	1053
62	1725
62	2348
62	3334
62	3844
62	5020
62	5021
62	9131
62	9135
63	1
64	1
65	1
65	2718
65	9861
65	10369
66	1
67	1
68	1
69	1
69	140
69	588
69	2630
69	5020
69	5021
70	1
70	10601
71	72
72	27
72	71
72	74
72	76
72	77
72	81
72	95
72	118
72	136
72	140
72	175
72	180
72	188
72	195
72	206
72	213
72	219
72	221
72	224
72	233
72	255
72	284
72	293
72	299
72	300
72	307
72	312
72	314
72	315
72	335
72	336
72	346
72	354
72	355
72	364
72	379
72	383
72	398
72	416
72	426
72	443
72	446
72	448
72	452
72	471
72	472
72	478
72	480
72	499
72	504
72	505
72	506
72	508
72	509
72	510
72	516
72	519
72	520
72	521
72	528
72	530
72	538
72	539
72	549
72	551
72	556
72	557
72	558
72	559
72	562
72	563
72	565
72	566
72	575
72	576
72	578
72	581
72	586
72	588
72	592
72	593
72	594
72	613
72	621
72	645
72	652
72	653
72	658
72	664
72	672
72	688
72	734
72	735
72	736
72	744
72	794
72	797
72	800
72	802
72	805
72	812
72	815
72	818
72	842
72	851
72	889
72	907
72	1034
72	1076
72	1094
72	1159
72	1176
72	1185
72	1198
72	1231
72	1297
72	1308
72	1338
72	1340
72	1373
72	1396
72	1422
72	1430
72	1438
72	1457
72	1458
72	1461
72	1464
72	1476
72	1481
72	1528
72	1548
72	1549
72	1555
72	1559
72	1599
72	1606
72	1607
72	1623
72	1637
72	1647
72	1653
72	1657
72	1665
72	1667
72	1761
72	1763
72	1765
72	1824
72	1910
72	2001
72	2045
72	2144
72	2263
72	2276
72	2278
72	2428
72	2566
72	2567
72	2568
72	2570
72	2575
72	2576
72	2577
72	2580
72	2591
72	2592
72	2593
72	2595
72	2603
72	2609
72	2619
72	2631
72	2642
72	2643
72	2650
72	2651
72	2654
72	2663
72	2669
72	2706
72	2775
72	2793
72	3031
72	3108
72	3117
72	3133
72	3138
72	3139
72	3147
72	3169
72	3196
72	3197
72	3230
72	3235
72	3237
72	3437
72	3448
72	3482
72	3518
72	3533
72	3535
72	3598
72	3626
72	3682
72	3792
72	3915
72	3922
72	3970
72	4027
72	4038
72	4056
72	4057
72	4131
72	4136
72	4174
72	4206
72	4531
72	4539
72	4609
72	4616
72	4677
72	4681
72	4703
72	4740
72	4991
72	5145
72	5148
72	5159
72	5167
72	5168
72	5203
72	5220
72	5223
72	5224
72	5276
72	5422
72	5425
72	5428
72	5438
72	5463
72	5464
72	5465
72	5478
72	5481
72	5482
72	5483
72	5500
72	5733
72	5734
72	5749
72	5750
72	5754
72	5774
72	5775
72	5779
72	5800
72	5828
72	5829
72	5840
72	5843
72	5870
72	5877
72	5878
72	5879
72	5880
72	5881
72	5883
72	5894
72	5921
72	5926
72	5941
72	5942
72	5951
72	6570
72	6658
72	6678
72	6782
72	6786
72	6957
72	7155
72	7188
72	7292
72	7544
72	7641
72	7657
72	7665
72	7679
72	7680
72	7733
72	7736
72	7763
72	7796
72	7821
72	7938
72	8346
72	8347
72	8348
72	8349
72	8350
72	8351
72	8352
72	8353
72	8354
72	8355
72	8356
72	8357
72	8358
72	8359
72	8360
72	8361
72	8362
72	8363
72	8364
72	8365
72	8366
72	8367
72	8368
72	8369
72	8370
72	8371
72	8372
72	8373
72	8374
72	8375
72	8376
72	8377
72	8378
72	8379
72	8380
72	8381
72	8382
72	8383
72	8384
72	8385
72	8386
72	8387
72	8388
72	8389
72	8390
72	8391
72	8392
72	8393
72	8394
72	8395
72	8396
72	8397
72	8398
72	8399
72	8400
72	8401
72	8402
72	8403
72	8404
72	8405
72	8406
72	8407
72	8408
72	8409
72	8410
72	8411
72	8412
72	8413
72	8414
72	8415
72	8416
72	8417
72	8418
72	8419
72	8420
72	8421
72	8422
72	8423
72	8424
72	8425
72	8426
72	8427
73	54
73	56
73	74
73	75
73	76
73	78
73	80
73	82
73	86
73	89
73	91
73	93
73	99
73	131
73	136
73	140
73	149
73	150
73	155
73	156
73	164
73	172
73	173
73	174
73	178
73	183
73	188
73	198
73	200
73	215
73	223
73	227
73	246
73	277
73	279
73	286
73	308
73	331
73	342
73	358
73	385
73	386
73	441
73	443
73	449
73	458
73	461
73	462
73	481
73	502
73	516
73	520
73	543
73	572
73	644
73	677
73	686
73	695
73	696
73	878
73	888
73	898
73	901
73	925
73	936
73	1140
73	1144
73	1365
73	1377
73	1392
73	1393
73	1443
73	1466
73	1504
73	1507
73	1552
73	1586
73	1603
73	1713
73	1817
73	1903
73	1904
73	1923
73	1924
73	1925
73	1926
73	1964
73	1976
73	1989
73	1997
73	2029
73	2047
73	2057
73	2061
73	2142
73	2175
73	2176
73	2458
73	2538
73	2552
73	2561
73	2562
73	2810
73	2816
73	2832
73	2847
73	2883
73	2909
73	2910
73	2911
73	2912
73	2913
73	2914
73	2915
73	2916
73	2917
73	2918
73	2919
73	2920
73	2921
73	2922
73	2923
73	2924
73	2925
73	2926
73	2927
73	2928
74	4
74	6
74	7
74	11
74	12
74	13
74	25
74	27
74	49
74	53
74	54
74	56
74	72
74	73
74	75
74	76
74	81
74	82
74	83
74	86
74	88
74	91
74	93
74	96
74	102
74	106
74	109
74	110
74	111
74	112
74	113
74	114
74	115
74	116
74	118
74	124
74	126
74	131
74	133
74	136
74	138
74	140
74	143
74	144
74	145
74	146
74	147
74	154
74	155
74	164
74	165
74	166
74	174
74	175
74	176
74	177
74	180
74	182
74	183
74	184
74	185
74	186
74	187
74	188
74	192
74	195
74	200
74	204
74	214
74	215
74	218
74	219
74	229
74	233
74	241
74	243
74	253
74	259
74	260
74	261
74	267
74	271
74	276
74	282
74	290
74	291
74	293
74	299
74	301
74	308
74	311
74	316
74	320
74	326
74	342
74	344
74	346
74	347
74	349
74	357
74	368
74	371
74	378
74	380
74	381
74	382
74	383
74	398
74	415
74	417
74	421
74	426
74	429
74	432
74	441
74	448
74	449
74	452
74	456
74	462
74	465
74	473
74	488
74	502
74	515
74	520
74	528
74	530
74	539
74	559
74	562
74	566
74	588
74	591
74	621
74	643
74	651
74	652
74	669
74	672
74	686
74	687
74	720
74	734
74	743
74	750
74	766
74	802
74	804
74	805
74	824
74	851
74	870
74	871
74	878
74	882
74	883
74	884
74	887
74	889
74	898
74	904
74	909
74	910
74	914
74	926
74	927
74	933
74	934
74	936
74	945
74	946
74	948
74	949
74	959
74	961
74	962
74	1053
74	1074
74	1176
74	1185
74	1297
74	1341
74	1371
74	1387
74	1392
74	1395
74	1414
74	1439
74	1466
74	1475
74	1476
74	1507
74	1516
74	1547
74	1552
74	1555
74	1559
74	1562
74	1585
74	1619
74	1672
74	1710
74	1737
74	1765
74	1771
74	1801
74	1821
74	1889
74	1891
74	1910
74	1947
74	1953
74	1971
74	1976
74	1987
74	1993
74	1997
74	2001
74	2007
74	2093
74	2142
74	2189
74	2276
74	2278
74	2591
74	2734
74	3036
74	3102
74	3237
74	3241
74	3604
74	3768
74	4027
74	4155
74	4175
74	4214
74	4227
74	4228
74	4229
74	4490
74	5146
74	5308
74	5498
74	5527
74	6561
74	6668
74	7555
74	7775
74	7784
74	7927
74	8263
74	8264
74	8265
74	8266
74	8267
74	8268
74	8269
74	8270
74	8271
74	8272
74	8273
74	8274
74	8275
74	8276
74	8277
74	8278
74	8279
74	8280
74	8281
74	8282
74	8283
74	8284
74	8285
74	8286
74	8287
74	8288
74	8289
74	8290
74	8291
74	8292
74	8293
74	8294
74	8295
74	8296
74	8297
74	8298
74	8299
74	8300
74	8301
74	8302
74	8303
74	8304
75	5
75	27
75	45
75	46
75	53
75	54
75	56
75	73
75	74
75	76
75	78
75	80
75	83
75	86
75	88
75	89
75	91
75	93
75	106
75	107
75	109
75	112
75	116
75	131
75	134
75	136
75	143
75	149
75	154
75	155
75	156
75	164
75	173
75	175
75	183
75	185
75	186
75	188
75	195
75	217
75	224
75	228
75	240
75	264
75	300
75	316
75	320
75	326
75	345
75	346
75	347
75	349
75	378
75	385
75	402
75	403
75	417
75	420
75	422
75	426
75	441
75	447
75	448
75	449
75	462
75	465
75	473
75	487
75	488
75	490
75	499
75	517
75	520
75	528
75	539
75	562
75	572
75	596
75	603
75	667
75	672
75	686
75	687
75	720
75	734
75	766
75	783
75	802
75	817
75	851
75	869
75	871
75	872
75	875
75	882
75	883
75	889
75	896
75	898
75	899
75	901
75	910
75	918
75	919
75	920
75	926
75	934
75	951
75	960
75	1040
75	1053
75	1054
75	1068
75	1099
75	1105
75	1196
75	1202
75	1203
75	1210
75	1228
75	1248
75	1252
75	1271
75	1340
75	1364
75	1365
75	1381
75	1393
75	1415
75	1419
75	1459
75	1471
75	1475
75	1526
75	1528
75	1552
75	1559
75	1560
75	1566
75	1572
75	1574
75	1584
75	1585
75	1603
75	1672
75	1685
75	1760
75	1771
75	1776
75	1821
75	1833
75	1836
75	1853
75	1873
75	1899
75	1902
75	1910
75	1924
75	1925
75	1934
75	1935
75	1937
75	1997
75	2029
75	2056
75	2091
75	2092
75	2175
75	2189
75	2278
75	2323
75	2328
75	2522
75	2529
75	2542
75	2555
75	2729
75	2734
75	2810
75	2816
75	2911
75	2915
75	2919
75	2923
75	2927
75	2980
75	3021
75	3060
75	3187
75	3497
75	4392
75	4396
75	4398
75	4503
75	4572
75	4588
75	4677
75	4801
75	4815
75	4828
75	4952
75	5052
75	5134
75	5146
75	5248
75	5517
75	5696
75	5948
75	6541
75	6584
75	6664
75	6834
75	6991
75	7270
75	8213
75	8580
75	8602
75	9867
75	9868
75	9869
75	9870
75	9871
75	9872
75	9873
75	9874
75	9875
75	9876
75	9877
75	9878
75	9879
75	9880
75	9881
76	27
76	53
76	54
76	56
76	72
76	73
76	74
76	75
76	78
76	80
76	81
76	83
76	84
76	86
76	87
76	88
76	89
76	91
76	93
76	95
76	102
76	106
76	107
76	109
76	111
76	116
76	118
76	119
76	120
76	122
76	131
76	132
76	133
76	134
76	136
76	140
76	143
76	144
76	145
76	146
76	155
76	160
76	165
76	166
76	168
76	169
76	171
76	172
76	173
76	174
76	175
76	177
76	180
76	183
76	184
76	186
76	187
76	188
76	192
76	193
76	194
76	195
76	200
76	205
76	206
76	213
76	215
76	221
76	224
76	225
76	228
76	229
76	232
76	233
76	234
76	240
76	241
76	243
76	244
76	245
76	246
76	250
76	251
76	254
76	255
76	263
76	265
76	273
76	276
76	277
76	291
76	292
76	295
76	296
76	300
76	301
76	305
76	306
76	307
76	308
76	316
76	317
76	319
76	326
76	336
76	340
76	342
76	344
76	345
76	353
76	355
76	357
76	367
76	368
76	370
76	378
76	383
76	385
76	386
76	388
76	400
76	401
76	404
76	409
76	416
76	417
76	420
76	423
76	425
76	426
76	430
76	436
76	440
76	441
76	442
76	444
76	446
76	448
76	449
76	450
76	451
76	452
76	455
76	456
76	457
76	458
76	459
76	461
76	462
76	465
76	466
76	468
76	470
76	471
76	473
76	475
76	477
76	478
76	479
76	480
76	481
76	483
76	484
76	485
76	487
76	488
76	489
76	490
76	492
76	493
76	495
76	497
76	498
76	499
76	503
76	504
76	508
76	509
76	512
76	513
76	515
76	516
76	517
76	518
76	519
76	520
76	522
76	523
76	525
76	526
76	527
76	528
76	531
76	535
76	536
76	537
76	538
76	539
76	540
76	545
76	548
76	549
76	550
76	556
76	559
76	560
76	561
76	562
76	563
76	564
76	566
76	568
76	570
76	572
76	575
76	576
76	579
76	582
76	585
76	586
76	588
76	589
76	591
76	592
76	595
76	596
76	599
76	602
76	604
76	610
76	611
76	612
76	613
76	614
76	620
76	622
76	624
76	625
76	626
76	630
76	631
76	632
76	633
76	642
76	643
76	644
76	645
76	651
76	652
76	653
76	657
76	659
76	661
76	662
76	663
76	664
76	665
76	666
76	667
76	670
76	672
76	673
76	674
76	676
76	678
76	680
76	681
76	684
76	685
76	686
76	687
76	688
76	692
76	693
76	694
76	695
76	696
76	700
76	703
76	715
76	716
76	721
76	723
76	727
76	733
76	734
76	740
76	743
76	744
76	749
76	750
76	752
76	753
76	754
76	755
76	756
76	759
76	762
76	764
76	766
76	768
76	771
76	772
76	778
76	780
76	782
76	783
76	784
76	792
76	793
76	800
76	802
76	804
76	805
76	806
76	813
76	815
76	816
76	817
76	818
76	820
76	824
76	825
76	828
76	833
76	836
76	842
76	851
76	853
76	859
76	871
76	873
76	875
76	878
76	879
76	882
76	884
76	889
76	892
76	899
76	906
76	910
76	919
76	925
76	933
76	934
76	937
76	943
76	948
76	949
76	1042
76	1049
76	1053
76	1055
76	1070
76	1076
76	1078
76	1081
76	1092
76	1097
76	1099
76	1105
76	1133
76	1135
76	1136
76	1139
76	1159
76	1162
76	1169
76	1183
76	1185
76	1193
76	1196
76	1202
76	1208
76	1214
76	1252
76	1297
76	1298
76	1299
76	1302
76	1306
76	1318
76	1325
76	1333
76	1334
76	1335
76	1339
76	1340
76	1354
76	1355
76	1357
76	1358
76	1359
76	1360
76	1361
76	1362
76	1363
76	1364
76	1365
76	1366
76	1367
76	1368
76	1369
76	1370
76	1371
76	1372
76	1373
76	1374
76	1375
76	1376
76	1377
76	1378
76	1379
76	1380
76	1381
76	1382
76	1383
76	1384
76	1385
76	1386
76	1387
76	1388
76	1389
76	1390
76	1391
76	1392
76	1393
76	1394
76	1395
76	1396
76	1397
76	1398
76	1399
76	1400
76	1401
76	1402
76	1403
76	1404
76	1405
76	1406
76	1407
76	1408
76	1409
76	1410
76	1411
76	1412
76	1413
76	1414
76	1415
76	1416
76	1417
76	1418
76	1419
76	1420
76	1421
76	1422
76	1423
76	1424
76	1425
76	1426
76	1427
76	1428
76	1429
76	1430
76	1431
76	1432
76	1433
76	1434
76	1435
76	1436
76	1437
76	1438
76	1439
76	1440
76	1441
76	1442
76	1443
76	1444
76	1445
76	1446
76	1447
76	1448
76	1449
76	1450
76	1451
76	1452
76	1453
76	1454
76	1455
76	1456
76	1457
76	1458
76	1459
76	1460
76	1461
76	1462
76	1463
76	1464
76	1465
76	1466
76	1467
76	1468
76	1469
76	1470
76	1471
76	1472
76	1473
76	1474
76	1475
76	1476
76	1477
76	1478
76	1479
76	1480
76	1481
76	1482
76	1483
76	1484
76	1485
76	1486
76	1487
76	1488
76	1489
76	1490
76	1491
76	1492
76	1493
76	1494
76	1495
76	1496
76	1497
76	1498
76	1499
76	1500
76	1501
76	1502
76	1503
76	1504
76	1505
76	1506
76	1507
76	1508
76	1509
76	1510
76	1511
76	1512
76	1513
76	1514
76	1515
76	1516
76	1517
76	1518
76	1519
76	1520
76	1521
76	1522
76	1523
76	1524
76	1525
76	1526
76	1527
76	1528
76	1529
76	1530
76	1531
76	1532
76	1533
76	1534
76	1535
76	1536
76	1537
76	1538
76	1539
76	1540
76	1541
76	1542
76	1543
76	1544
76	1545
76	1546
76	1547
76	1548
76	1549
76	1550
76	1551
76	1552
76	1553
76	1554
76	1555
76	1556
76	1557
76	1558
76	1559
76	1560
76	1561
76	1562
76	1563
76	1564
76	1565
76	1566
76	1567
76	1568
76	1569
76	1570
76	1571
76	1572
76	1573
76	1574
76	1575
76	1576
76	1577
76	1578
76	1579
76	1580
76	1581
76	1582
76	1583
76	1584
76	1585
76	1586
76	1587
76	1588
76	1589
76	1590
76	1591
76	1592
76	1593
76	1594
76	1595
76	1596
76	1597
76	1598
76	1599
76	1600
76	1601
76	1602
76	1603
76	1604
76	1605
76	1606
76	1607
76	1608
76	1609
76	1610
76	1611
76	1612
76	1613
76	1614
76	1615
76	1616
76	1617
76	1618
76	1619
76	1620
76	1621
76	1622
76	1623
76	1624
76	1625
76	1626
76	1627
76	1628
76	1629
76	1630
76	1631
76	1632
76	1633
76	1634
76	1635
76	1636
76	1637
76	1638
76	1639
76	1640
76	1641
76	1642
76	1643
76	1644
76	1645
76	1646
76	1647
76	1648
76	1649
76	1650
76	1651
76	1652
76	1653
76	1654
76	1655
76	1656
76	1657
76	1658
76	1659
76	1660
76	1661
76	1662
76	1663
76	1664
76	1665
76	1666
76	1667
76	1668
76	1669
76	1670
76	1671
76	1672
76	1673
76	1674
76	1675
76	1676
76	1677
76	1678
76	1679
76	1680
76	1681
76	1682
76	1683
76	1684
76	1685
76	1686
76	1687
76	1688
76	1689
76	1690
76	1691
76	1692
76	1693
76	1694
76	1695
76	1696
76	1697
76	1698
76	1699
76	1700
76	1701
76	1702
76	1703
76	1704
76	1705
76	1706
76	1707
76	1708
76	1709
76	1710
76	1711
76	1712
76	1713
76	1714
76	1715
76	1716
76	1717
76	1718
76	1719
76	1720
76	1721
76	1722
76	1723
76	1724
76	1725
76	1726
76	1727
76	1728
76	1729
76	1730
76	1731
76	1732
76	1733
76	1734
76	1735
76	1736
76	1737
76	1738
76	1739
76	1740
76	1741
76	1742
76	1743
76	1744
76	1745
76	1746
76	1747
76	1748
76	1749
76	1750
76	1751
76	1752
76	1753
76	1754
76	1755
76	1756
76	1757
76	1758
76	1759
76	1760
76	1761
76	1762
76	1763
76	1764
76	1765
76	1766
76	1767
76	1768
76	1769
76	1770
76	1771
76	1772
76	1773
76	1774
76	1775
76	1776
76	1777
76	1778
76	1779
76	1780
77	54
77	72
77	95
77	1528
78	13
78	21
78	53
78	54
78	56
78	73
78	75
78	76
78	79
78	82
78	83
78	86
78	87
78	90
78	92
78	93
78	101
78	102
78	106
78	107
78	111
78	114
78	115
78	121
78	122
78	125
78	127
78	131
78	134
78	136
78	138
78	140
78	143
78	146
78	155
78	156
78	164
78	165
78	166
78	168
78	171
78	172
78	173
78	174
78	175
78	176
78	177
78	178
78	179
78	180
78	181
78	182
78	183
78	184
78	185
78	186
78	187
78	188
78	189
78	190
78	191
78	192
78	193
78	194
78	195
78	196
78	197
78	198
78	199
78	200
78	201
78	202
78	203
78	204
78	205
78	206
78	207
78	208
78	209
78	210
78	211
78	212
78	213
78	214
78	215
78	216
78	217
78	218
78	219
78	220
78	221
78	222
78	223
78	224
78	225
78	226
78	227
78	228
78	229
78	230
78	231
78	232
78	233
78	234
78	235
78	236
78	237
78	238
78	239
78	240
78	241
78	242
78	243
78	244
78	245
78	246
78	247
78	248
78	249
78	250
78	251
78	252
78	253
78	254
78	255
78	256
78	257
78	258
78	259
78	260
78	261
78	262
78	263
78	264
78	265
78	266
78	267
78	268
78	269
78	270
78	271
78	272
78	273
78	274
78	275
78	276
78	277
78	278
78	279
78	280
78	281
78	282
78	283
78	284
78	285
78	286
78	287
78	288
78	289
78	290
78	291
78	292
78	293
78	294
78	295
78	296
78	297
78	298
78	299
78	300
78	301
78	302
78	303
78	304
78	305
78	306
78	307
78	308
78	309
78	310
78	311
78	312
78	313
78	314
78	315
78	316
78	317
78	318
78	319
78	320
78	321
78	322
78	323
78	324
78	325
78	326
78	327
78	328
78	329
78	330
78	331
78	332
78	333
78	334
78	335
78	336
78	337
78	338
78	339
78	340
78	341
78	342
78	343
78	344
78	345
78	346
78	347
78	348
78	349
78	350
78	351
78	352
78	353
78	354
78	355
78	356
78	357
78	358
78	359
78	360
78	361
78	362
78	363
78	364
78	365
78	366
78	367
78	368
78	369
78	370
78	371
78	372
78	373
78	374
78	375
78	376
78	377
78	378
78	379
78	380
78	381
78	382
78	383
78	384
78	385
78	386
78	387
78	388
78	389
78	390
78	391
78	392
78	393
78	394
78	395
78	396
78	397
78	398
78	399
78	400
78	401
78	402
78	403
78	404
78	405
78	406
78	407
78	408
78	409
78	410
78	411
78	412
78	413
78	414
78	415
78	416
78	417
78	418
78	419
78	420
78	421
78	422
78	423
78	424
78	425
78	426
78	427
78	428
78	429
78	430
78	431
78	432
78	433
78	434
78	435
78	436
78	437
78	438
78	439
78	440
78	441
78	442
78	443
78	444
78	445
78	446
78	447
78	448
78	449
78	450
78	451
78	452
78	453
78	454
78	455
78	456
78	457
78	458
78	459
78	460
78	461
78	462
78	463
78	464
78	465
78	466
78	467
78	468
78	469
79	53
79	54
79	56
79	78
79	83
79	88
79	97
79	101
79	102
79	106
79	108
79	114
79	121
79	138
79	140
79	164
79	165
79	168
79	180
79	200
79	207
79	239
79	240
79	241
79	243
79	245
79	255
79	263
79	264
79	265
79	277
79	289
79	292
79	317
79	340
79	360
79	377
79	378
79	384
79	391
79	393
79	398
79	425
79	436
79	439
79	685
79	878
79	886
79	902
79	918
79	940
79	1071
79	1074
79	1158
79	1195
79	1802
79	1891
79	1893
79	1906
79	1907
79	1916
79	1926
79	1951
79	2004
79	2013
79	2070
79	2106
79	2323
79	2328
79	2419
79	2750
79	2799
79	2994
79	3216
79	3669
79	3743
79	4108
79	4182
79	4402
79	4403
79	4404
79	4405
79	4406
79	4407
79	4408
79	4409
79	4410
79	4411
79	4412
79	4413
79	4414
79	4415
79	4416
79	4417
79	4418
79	4419
79	4420
79	4421
79	4422
79	4423
79	4424
79	4425
79	4426
79	4427
79	4428
79	4429
79	4430
79	4431
79	4432
79	4433
79	4434
79	4435
79	4436
79	4437
79	4438
79	4439
79	4440
79	4441
79	4442
80	46
80	53
80	54
80	56
80	73
80	75
80	76
80	83
80	84
80	85
80	86
80	87
80	88
80	89
80	91
80	101
80	106
80	107
80	114
80	119
80	120
80	121
80	132
80	134
80	143
80	145
80	151
80	153
80	154
80	166
80	169
80	200
80	215
80	244
80	269
80	280
80	316
80	331
80	355
80	357
80	378
80	388
80	461
80	462
80	466
80	528
80	604
80	626
80	659
80	661
80	662
80	663
80	686
80	727
80	764
80	802
80	824
80	863
80	870
80	884
80	889
80	890
80	901
80	925
80	945
80	946
80	1043
80	1052
80	1055
80	1093
80	1215
80	1228
80	1389
80	1391
80	1413
80	1420
80	1424
80	1445
80	1486
80	1507
80	1517
80	1543
80	1552
80	1554
80	1565
80	1574
80	1588
80	1593
80	1616
80	1626
80	1650
80	1652
80	1656
80	1669
80	1675
80	1679
80	1695
80	1765
80	1768
80	1991
80	2010
80	2039
80	2045
80	2122
80	2148
80	2184
80	2189
80	2190
80	2211
80	2350
80	2715
80	2728
80	2729
80	2856
80	2916
80	3001
80	3019
80	3215
80	3762
80	4530
80	4572
80	4582
80	4585
80	4586
80	4587
80	4603
80	4619
80	5077
80	5148
80	5332
80	5742
80	5830
80	5948
80	6305
80	6543
80	6589
80	6626
80	6632
80	6876
80	7032
80	7092
80	7302
80	7904
80	7905
80	7919
80	7927
80	8417
80	9905
80	10110
80	10133
80	10159
80	10596
80	10991
80	11003
80	11306
80	12215
80	12928
80	13371
80	13665
80	14702
80	16692
80	17137
80	19419
80	20037
80	20038
80	20039
80	20040
80	20041
80	20042
80	20043
80	20044
80	20045
80	20046
80	20047
80	20048
80	20049
80	20050
80	20051
80	20052
80	20053
80	20054
80	20055
80	20056
80	20057
80	20058
80	20059
80	20060
80	20061
80	20062
80	20063
80	20064
80	20065
80	20066
80	20067
80	20068
80	20069
80	20070
80	20071
80	20072
80	20073
80	20074
80	20075
80	20076
80	20077
80	20078
80	20079
80	20080
80	20081
80	20082
80	20083
80	20084
80	20085
80	20086
80	20087
80	20088
80	20089
80	20090
80	20091
80	20092
80	20093
80	20094
80	20095
80	20096
80	20097
80	20098
80	20099
80	20100
80	20101
80	20102
80	20103
80	20104
80	20105
80	20106
80	20107
80	20108
80	20109
80	20110
80	20111
80	20112
80	20113
80	20114
80	20115
80	20116
80	20117
80	20118
80	20119
80	20120
80	20121
80	20122
80	20123
80	20124
80	20125
80	20126
80	20127
80	20128
80	20129
80	20130
80	20131
80	20132
80	20133
80	20134
80	20135
80	20136
80	20137
80	20138
80	20139
80	20140
80	20141
80	20142
80	20143
80	20144
81	9
81	39
81	45
81	46
81	53
81	54
81	56
81	59
81	72
81	74
81	76
81	82
81	83
81	86
81	101
81	102
81	106
81	109
81	112
81	114
81	115
81	128
81	138
81	140
81	165
81	180
81	193
81	293
81	355
81	360
81	362
81	378
81	398
81	465
81	515
81	549
81	652
81	672
81	870
81	887
81	913
81	918
81	920
81	928
81	1074
81	1139
81	1195
81	1259
81	1265
81	1555
81	1767
81	1802
81	1833
81	1890
81	1893
81	1901
81	1935
81	1936
81	1939
81	1954
81	1976
81	1988
81	2000
81	2024
81	2045
81	2047
81	2118
81	2253
81	2278
81	2337
81	2433
81	2564
81	2592
81	2606
81	2732
81	2753
81	2798
81	2892
81	4027
81	4404
81	4408
81	4410
81	4417
81	4420
81	4423
81	4424
81	4431
81	4435
81	5509
81	5518
81	5802
81	6580
81	6654
81	6658
81	8080
81	8252
81	8284
81	8300
81	9138
81	9139
81	9140
81	9141
81	9142
81	9143
81	9144
81	9145
81	9146
81	9147
81	9148
81	9149
81	9150
81	9151
81	9152
81	9153
81	9154
81	9155
81	9156
81	9157
81	9158
81	9159
82	9
82	13
82	16
82	46
82	54
82	56
82	73
82	74
82	78
82	81
82	83
82	86
82	87
82	89
82	94
82	96
82	99
82	101
82	102
82	109
82	113
82	114
82	115
82	128
82	131
82	138
82	143
82	147
82	149
82	150
82	151
82	156
82	160
82	164
82	166
82	169
82	198
82	223
82	242
82	289
82	290
82	301
82	362
82	378
82	415
82	467
82	570
82	755
82	876
82	901
82	936
82	1051
82	1074
82	1117
82	1265
82	1273
82	1470
82	1504
82	1603
82	1606
82	1668
82	1705
82	1747
82	1767
82	1792
82	1890
82	1897
82	1903
82	1904
82	1908
82	1923
82	1924
82	1925
82	1926
82	1927
82	1939
82	1954
82	1962
82	1964
82	1976
82	1997
82	2003
82	2009
82	2022
82	2040
82	2045
82	2092
82	2222
82	2228
82	2335
82	2458
82	2482
82	2523
82	2526
82	2538
82	2552
82	2561
82	2606
82	2795
82	2796
82	2797
82	2798
82	2799
82	2800
82	2801
82	2802
82	2803
82	2804
82	2805
82	2806
82	2807
82	2808
82	2809
82	2810
82	2811
82	2812
82	2813
82	2814
82	2815
82	2816
82	2817
82	2818
82	2819
82	2820
82	2821
82	2822
82	2823
82	2824
82	2825
82	2826
82	2827
82	2828
82	2829
82	2830
82	2831
82	2832
82	2833
82	2834
82	2835
82	2836
82	2837
82	2838
82	2839
82	2840
82	2841
82	2842
82	2843
82	2844
82	2845
82	2846
82	2847
82	2848
82	2849
82	2850
82	2851
82	2852
82	2853
82	2854
82	2855
82	2856
82	2857
82	2858
82	2859
82	2860
82	2861
82	2862
82	2863
82	2864
82	2865
82	2866
82	2867
82	2868
82	2869
82	2870
82	2871
82	2872
82	2873
82	2874
82	2875
82	2876
82	2877
82	2878
82	2879
82	2880
82	2881
82	2882
82	2883
82	2884
82	2885
82	2886
82	2887
82	2888
82	2889
82	2890
82	2891
82	2892
82	2893
82	2894
82	2895
82	2896
82	2897
82	2898
82	2899
82	2900
82	2901
82	2902
82	2903
82	2904
82	2905
82	2906
82	2907
82	2908
83	27
83	46
83	53
83	54
83	56
83	74
83	75
83	76
83	78
83	79
83	80
83	81
83	82
83	86
83	88
83	89
83	90
83	91
83	92
83	93
83	95
83	96
83	97
83	101
83	102
83	106
83	113
83	114
83	115
83	127
83	128
83	134
83	136
83	143
83	145
83	147
83	155
83	162
83	165
83	169
83	172
83	175
83	183
83	184
83	185
83	186
83	192
83	195
83	215
83	229
83	230
83	232
83	239
83	261
83	276
83	277
83	279
83	287
83	289
83	308
83	331
83	342
83	345
83	346
83	347
83	348
83	349
83	368
83	385
83	400
83	402
83	405
83	409
83	417
83	420
83	426
83	427
83	449
83	458
83	461
83	463
83	464
83	465
83	466
83	470
83	473
83	481
83	495
83	509
83	516
83	539
83	572
83	585
83	594
83	621
83	659
83	667
83	668
83	734
83	762
83	783
83	789
83	802
83	824
83	862
83	863
83	864
83	865
83	866
83	867
83	868
83	869
83	870
83	871
83	872
83	873
83	874
83	875
83	876
83	877
83	878
83	879
83	880
83	881
83	882
83	883
83	884
83	885
83	886
83	887
83	888
83	889
83	890
83	891
83	892
83	893
83	894
83	895
83	896
83	897
83	898
83	899
83	900
83	901
83	902
83	903
83	904
83	905
83	906
83	907
83	908
83	909
83	910
83	911
83	912
83	913
83	914
83	915
83	916
83	917
83	918
83	919
83	920
83	921
83	922
83	923
83	924
83	925
83	926
83	927
83	928
83	929
83	930
83	931
83	932
83	933
83	934
83	935
83	936
83	937
83	938
83	939
83	940
83	941
83	942
83	943
83	944
83	945
83	946
83	947
83	948
83	949
83	950
83	951
83	952
83	953
83	954
83	955
83	956
83	957
83	958
84	54
84	76
84	80
84	85
84	87
84	88
84	119
84	136
84	186
84	188
84	265
84	316
84	462
84	481
84	497
84	517
84	534
84	535
84	545
84	572
84	604
84	626
84	678
84	686
84	727
84	766
84	813
84	823
84	1055
84	1057
84	1070
84	1071
84	1097
84	1159
84	1403
84	1404
84	1543
84	1615
84	1621
84	1679
84	2148
84	2211
84	2560
84	4584
84	7525
84	8245
84	10110
84	10111
85	53
85	54
85	56
85	80
85	84
85	86
85	87
85	107
85	119
85	154
85	200
85	528
85	604
85	661
85	662
85	686
85	727
85	1486
85	1615
85	2148
85	2184
85	2189
85	2190
85	2211
85	3215
85	4583
85	4585
85	4586
85	4589
85	4590
85	28493
85	28494
86	5
86	53
86	54
86	56
86	73
86	74
86	75
86	76
86	78
86	80
86	81
86	82
86	83
86	85
86	87
86	93
86	96
86	97
86	99
86	100
86	101
86	102
86	106
86	109
86	113
86	114
86	115
86	121
86	123
86	127
86	128
86	138
86	147
86	149
86	151
86	156
86	165
86	173
86	186
86	192
86	197
86	223
86	239
86	267
86	269
86	271
86	277
86	289
86	290
86	301
86	326
86	342
86	465
86	539
86	864
86	870
86	876
86	879
86	881
86	901
86	905
86	920
86	945
86	946
86	948
86	1139
86	1202
86	1470
86	1504
86	1668
86	1784
86	1793
86	1797
86	1798
86	1801
86	1903
86	1904
86	1923
86	1924
86	1925
86	1926
86	1939
86	1953
86	1960
86	1997
86	2015
86	2112
86	2300
86	2337
86	2367
86	2381
86	2458
86	2717
86	2816
86	2832
86	2861
86	2883
86	2900
86	2909
86	4146
86	4279
86	4394
86	5508
86	5509
86	5510
86	5511
86	5512
86	5513
86	5514
86	5515
86	5516
86	5517
86	5518
86	5519
86	5520
86	5521
86	5522
86	5523
86	5524
86	5525
86	5526
86	5527
86	5528
86	5529
86	5530
87	53
87	54
87	56
87	76
87	78
87	80
87	82
87	84
87	85
87	86
87	106
87	107
87	114
87	119
87	145
87	192
87	200
87	280
87	462
87	528
87	604
87	661
87	662
87	686
87	727
87	764
87	946
87	1615
87	1902
87	2031
87	2189
87	2211
87	4305
87	4582
87	4583
87	4584
87	4585
87	4586
87	4587
87	4588
87	4589
87	4590
87	4591
87	4592
88	7
88	49
88	50
88	54
88	56
88	74
88	75
88	76
88	79
88	80
88	83
88	84
88	89
88	90
88	91
88	92
88	93
88	95
88	97
88	106
88	107
88	109
88	116
88	118
88	136
88	138
88	146
88	147
88	151
88	155
88	164
88	165
88	168
88	177
88	180
88	183
88	186
88	188
88	195
88	241
88	243
88	255
88	261
88	264
88	271
88	273
88	274
88	281
88	286
88	316
88	319
88	340
88	342
88	345
88	385
88	386
88	391
88	398
88	403
88	416
88	418
88	420
88	423
88	436
88	441
88	449
88	454
88	458
88	465
88	470
88	473
88	478
88	481
88	490
88	498
88	499
88	509
88	516
88	517
88	540
88	547
88	572
88	588
88	591
88	596
88	603
88	615
88	623
88	630
88	639
88	659
88	668
88	681
88	692
88	711
88	715
88	762
88	792
88	796
88	797
88	802
88	804
88	815
88	823
88	828
88	829
88	876
88	878
88	879
88	887
88	895
88	910
88	913
88	914
88	915
88	919
88	922
88	936
88	939
88	949
88	960
88	1027
88	1053
88	1071
88	1077
88	1089
88	1094
88	1113
88	1117
88	1132
88	1139
88	1153
88	1168
88	1196
88	1203
88	1210
88	1211
88	1213
88	1216
88	1224
88	1233
88	1248
88	1252
88	1306
88	1312
88	1364
88	1424
88	1458
88	1470
88	1471
88	1478
88	1507
88	1538
88	1559
88	1586
88	1603
88	1734
88	1760
88	1782
88	1788
88	1817
88	1821
88	1853
88	1899
88	1920
88	1921
88	1922
88	1927
88	1935
88	1939
88	2056
88	2057
88	2081
88	2084
88	2264
88	2277
88	2278
88	2506
88	2508
88	2510
88	2524
88	2528
88	2560
88	2777
88	2780
88	3143
88	3187
88	3308
88	3312
88	3914
88	3994
88	4223
88	4378
88	4388
88	4398
88	4484
88	4486
88	4530
88	4827
88	4828
88	4844
88	4864
88	5187
88	5614
88	5678
88	5695
88	5696
88	5698
88	5715
88	5725
88	5965
88	6565
88	6576
88	6577
88	6596
88	6607
88	6608
88	6641
88	6653
88	6810
88	6834
88	6991
88	7320
88	7514
88	7724
88	7775
88	7947
88	8065
88	8212
88	8213
88	8214
88	8215
88	8219
88	8220
88	8221
88	8222
88	8223
88	8224
88	8225
88	8226
88	8227
88	8228
88	8230
88	8231
88	8233
88	8236
88	8240
88	8241
88	8243
88	8245
88	8247
88	8264
88	8512
88	8883
88	8912
88	9079
88	9467
88	9468
88	9469
88	9470
88	9471
88	9472
88	9473
88	9474
88	9475
88	9476
88	9477
88	9478
88	9479
88	9480
88	9481
88	9482
88	9483
88	9484
88	9485
88	9486
88	9487
88	9488
88	9489
88	9490
88	9491
88	9492
88	9493
88	9494
89	46
89	54
89	56
89	73
89	75
89	76
89	80
89	82
89	83
89	88
89	90
89	91
89	92
89	93
89	102
89	106
89	109
89	115
89	116
89	119
89	120
89	129
89	131
89	134
89	135
89	136
89	137
89	149
89	151
89	155
89	156
89	159
89	168
89	171
89	172
89	173
89	175
89	183
89	193
89	194
89	195
89	197
89	240
89	245
89	269
89	279
89	286
89	326
89	378
89	400
89	402
89	409
89	418
89	420
89	423
89	441
89	448
89	456
89	473
89	478
89	487
89	488
89	490
89	517
89	540
89	564
89	572
89	603
89	630
89	676
89	688
89	716
89	802
89	851
89	853
89	871
89	875
89	878
89	880
89	893
89	899
89	904
89	910
89	920
89	925
89	929
89	943
89	1039
89	1053
89	1071
89	1153
89	1187
89	1196
89	1203
89	1210
89	1228
89	1365
89	1371
89	1439
89	1470
89	1552
89	1558
89	1562
89	1566
89	1603
89	1606
89	1615
89	1672
89	1685
89	1709
89	1759
89	1771
89	1782
89	1788
89	1814
89	1821
89	1842
89	1883
89	1895
89	1897
89	1902
89	1918
89	1919
89	1935
89	1962
89	1979
89	2010
89	2047
89	2265
89	2323
89	2471
89	2477
89	2482
89	2495
89	2521
89	2529
89	2534
89	2535
89	2536
89	2542
89	2560
89	2724
89	2750
89	2911
89	2915
89	2929
89	2931
89	2938
89	2949
89	2957
89	2959
89	2981
89	2995
89	3075
89	3187
89	3981
89	4219
89	4275
89	4292
89	4369
89	4371
89	4376
89	4379
89	4392
89	4393
89	4396
89	4584
89	4586
89	4588
89	4654
89	4694
89	4738
89	4791
89	4809
89	4824
89	4837
89	5509
89	5517
89	5607
89	6541
89	6554
89	6565
89	6584
89	7120
89	7400
89	7864
89	7930
89	7949
89	8213
89	8579
89	8580
89	8589
89	8851
89	9468
89	9861
89	10200
89	10227
89	10228
89	10229
89	10271
89	11488
89	11668
89	11952
89	12309
89	14696
89	14697
89	14698
89	14699
89	14700
89	14701
89	14702
89	14703
89	14704
89	14705
89	14706
89	14707
89	14708
89	14709
89	14710
89	14711
89	14712
89	14713
89	14714
89	14715
89	14716
89	14717
89	14718
89	14719
89	14720
89	14721
89	14722
89	14723
89	14724
89	14725
89	14726
89	14727
89	14728
89	14729
89	14730
89	14731
89	14732
89	14733
89	14734
89	14735
89	14736
89	14737
89	14738
90	46
90	54
90	78
90	83
90	88
90	89
90	91
90	92
90	93
90	95
90	107
90	114
90	122
90	128
90	143
90	155
90	156
90	165
90	168
90	185
90	246
90	251
90	264
90	271
90	273
90	277
90	280
90	281
90	287
90	305
90	308
90	326
90	331
90	338
90	340
90	345
90	378
90	386
90	402
90	403
90	413
90	417
90	418
90	420
90	423
90	441
90	481
90	533
90	543
90	591
90	615
90	674
90	711
90	715
90	758
90	762
90	780
90	782
90	792
90	813
90	814
90	824
90	863
90	864
90	866
90	869
90	874
90	875
90	878
90	879
90	883
90	886
90	888
90	894
90	899
90	905
90	910
90	913
90	915
90	917
90	919
90	922
90	929
90	930
90	937
90	938
90	939
90	1027
90	1032
90	1035
90	1040
90	1041
90	1044
90	1070
90	1072
90	1103
90	1138
90	1139
90	1171
90	1193
90	1194
90	1195
90	1202
90	1210
90	1224
90	1259
90	1276
90	1312
90	1355
90	1361
90	1367
90	1394
90	1413
90	1441
90	1443
90	1448
90	1470
90	1504
90	1585
90	1781
90	1782
90	1834
90	1844
90	1849
90	1875
90	1883
90	1886
90	1899
90	1925
90	1960
90	1962
90	2029
90	2045
90	2047
90	2057
90	2075
90	2117
90	2189
90	2256
90	2264
90	2495
90	2497
90	2524
90	2528
90	2724
90	2759
90	2837
90	2864
90	2921
90	2931
90	2997
90	3100
90	3848
90	3933
90	3981
90	4084
90	4086
90	4124
90	4131
90	4246
90	4275
90	4276
90	4277
90	4353
90	4360
90	4486
90	4519
90	4530
90	4578
90	4603
90	4622
90	4688
90	4704
90	4732
90	4863
90	4864
90	4869
90	4952
90	5052
90	5056
90	5170
90	5517
90	5519
90	5614
90	5674
90	5675
90	5695
90	5698
90	5728
90	5948
90	5965
90	6038
90	6057
90	6156
90	6336
90	6364
90	6429
90	6500
90	6539
90	6562
90	6609
90	6665
90	6677
90	6787
90	6891
90	6911
90	6960
90	7007
90	7169
90	7226
90	7302
90	7398
90	7503
90	7627
90	7955
90	7979
90	8123
90	8130
90	8211
90	8294
90	8512
90	8761
90	8782
90	8794
90	8831
90	8850
90	8878
90	8882
90	8883
90	8896
90	8904
90	8911
90	8941
90	9067
90	9079
90	9110
90	9147
90	9274
90	9365
90	9386
90	9426
90	9457
90	9473
90	9486
90	9620
90	9881
90	9909
90	9913
90	10611
90	10707
90	11074
90	11285
90	11482
90	11488
90	11489
90	11490
90	11491
90	11492
90	11493
90	11494
90	11495
90	11496
90	11497
90	11498
90	11499
90	11500
90	11501
90	11502
90	11503
90	11504
90	11505
90	11506
90	11507
90	11508
90	11509
90	11510
90	11511
90	11512
90	11513
90	11514
90	11515
90	11516
90	11517
90	11518
90	11519
90	11520
90	11521
90	11522
90	11523
90	11524
90	11525
90	11526
90	11527
90	11528
90	11529
90	11530
90	11531
90	11532
90	11533
90	11534
90	11535
90	11536
90	11537
90	11538
90	11539
90	11540
90	11541
90	11542
90	11543
90	11544
90	11545
90	11546
90	11547
90	11548
90	11549
90	11550
90	11551
90	11552
90	11553
90	11554
90	11555
90	11556
90	11557
90	11558
90	11559
90	11560
90	11561
90	11562
90	11563
90	11564
90	11565
90	11566
90	11567
90	11568
90	11569
90	11570
90	11571
90	11572
90	11573
90	11574
90	11575
90	11576
90	11577
90	11578
90	11579
90	11580
90	11581
90	11582
90	11583
90	11584
90	11585
90	11586
90	11587
90	11588
90	11589
90	11590
90	11591
90	11592
90	11593
90	11594
90	11595
90	11596
90	11597
90	11598
90	11599
90	11600
91	45
91	53
91	54
91	56
91	73
91	74
91	75
91	76
91	80
91	83
91	88
91	89
91	90
91	92
91	93
91	102
91	107
91	114
91	131
91	136
91	143
91	149
91	155
91	156
91	172
91	183
91	186
91	194
91	240
91	286
91	291
91	326
91	342
91	385
91	409
91	415
91	417
91	502
91	572
91	662
91	871
91	875
91	883
91	892
91	899
91	905
91	910
91	919
91	920
91	927
91	1053
91	1070
91	1071
91	1187
91	1196
91	1203
91	1224
91	1228
91	1364
91	1375
91	1381
91	1383
91	1560
91	1566
91	1574
91	1603
91	1615
91	1691
91	1809
91	1821
91	1849
91	1902
91	1924
91	1925
91	1935
91	1937
91	1961
91	1970
91	2048
91	2061
91	2084
91	2189
91	2275
91	2294
91	2323
91	2328
91	2377
91	2487
91	2527
91	2534
91	2535
91	2536
91	2560
91	2792
91	2928
91	3336
91	4138
91	4144
91	4146
91	4396
91	5158
91	6836
91	7931
91	8575
91	8576
91	8577
91	8578
91	8579
91	8580
91	8581
91	8582
91	8583
91	8584
91	8585
91	8586
91	8587
91	8588
91	8589
91	8590
91	8591
91	8592
91	8593
91	8594
91	8595
91	8596
91	8597
91	8598
91	8599
91	8600
91	8601
91	8602
91	8603
91	8604
91	8605
91	8606
91	8607
91	8608
91	8609
91	8610
91	8611
91	8612
91	8613
91	8614
91	8615
91	8616
91	8617
91	8618
91	8619
91	8620
91	8621
91	8622
91	8623
91	8624
91	8625
91	8626
91	8627
91	8628
91	8629
91	8630
91	8631
91	8632
91	8633
91	8634
91	8635
91	8636
91	8637
91	8638
91	8639
91	8640
91	8641
91	8642
91	8643
92	54
92	56
92	78
92	83
92	88
92	89
92	90
92	91
92	93
92	97
92	102
92	109
92	131
92	134
92	136
92	155
92	168
92	183
92	194
92	232
92	245
92	246
92	252
92	261
92	277
92	287
92	296
92	326
92	342
92	370
92	388
92	442
92	520
92	828
92	879
92	880
92	919
92	1032
92	1158
92	1203
92	1341
92	1355
92	1375
92	2008
92	2039
92	2058
92	2061
92	2091
92	2529
92	2921
92	2922
92	3669
92	4572
92	4654
92	4846
92	4853
92	6913
92	12351
92	12352
92	12353
92	12354
92	12355
92	12356
92	12357
92	12358
92	12359
92	12360
92	12361
92	12362
93	5
93	27
93	39
93	42
93	45
93	46
93	53
93	54
93	56
93	73
93	74
93	75
93	76
93	78
93	83
93	86
93	88
93	89
93	90
93	91
93	92
93	102
93	106
93	107
93	109
93	110
93	116
93	122
93	131
93	132
93	134
93	136
93	143
93	146
93	149
93	155
93	164
93	165
93	168
93	172
93	175
93	183
93	184
93	185
93	186
93	188
93	193
93	194
93	195
93	198
93	215
93	224
93	226
93	227
93	228
93	232
93	239
93	240
93	244
93	246
93	249
93	250
93	251
93	252
93	260
93	261
93	264
93	265
93	269
93	271
93	273
93	277
93	279
93	286
93	287
93	291
93	292
93	308
93	309
93	316
93	318
93	319
93	320
93	326
93	327
93	331
93	340
93	342
93	345
93	353
93	357
93	358
93	368
93	370
93	371
93	378
93	382
93	385
93	386
93	388
93	401
93	402
93	403
93	408
93	409
93	417
93	418
93	420
93	423
93	429
93	430
93	436
93	439
93	441
93	442
93	447
93	448
93	449
93	452
93	455
93	458
93	465
93	473
93	475
93	481
93	485
93	488
93	489
93	493
93	496
93	497
93	499
93	512
93	515
93	520
93	536
93	539
93	570
93	572
93	589
93	644
93	652
93	672
93	674
93	715
93	733
93	734
93	762
93	780
93	783
93	787
93	791
93	796
93	802
93	828
93	829
93	864
93	866
93	869
93	871
93	873
93	874
93	879
93	880
93	882
93	883
93	884
93	888
93	893
93	895
93	896
93	899
93	904
93	905
93	906
93	909
93	910
93	913
93	915
93	918
93	919
93	920
93	922
93	925
93	930
93	933
93	934
93	943
93	1030
93	1032
93	1035
93	1043
93	1048
93	1068
93	1071
93	1073
93	1076
93	1095
93	1098
93	1099
93	1105
93	1117
93	1122
93	1137
93	1141
93	1167
93	1168
93	1180
93	1210
93	1216
93	1217
93	1224
93	1233
93	1243
93	1340
93	1341
93	1357
93	1381
93	1393
93	1436
93	1459
93	1470
93	1471
93	1483
93	1505
93	1513
93	1515
93	1516
93	1528
93	1558
93	1560
93	1566
93	1662
93	1669
93	1695
93	1705
93	1759
93	1764
93	1771
93	1788
93	1800
93	1833
93	1873
93	1899
93	1910
93	1911
93	1926
93	1929
93	1930
93	1931
93	1933
93	1935
93	1937
93	1962
93	1991
93	1998
93	2039
93	2045
93	2047
93	2057
93	2058
93	2070
93	2075
93	2189
93	2264
93	2270
93	2271
93	2275
93	2454
93	2472
93	2476
93	2477
93	2478
93	2482
93	2486
93	2487
93	2488
93	2489
93	2494
93	2497
93	2498
93	2499
93	2502
93	2505
93	2524
93	2528
93	2538
93	2553
93	2555
93	2563
93	2642
93	2654
93	2733
93	2744
93	2766
93	2882
93	2931
93	2950
93	3012
93	3103
93	3237
93	3370
93	3669
93	4108
93	4134
93	4135
93	4239
93	4291
93	4360
93	4378
93	4393
93	4534
93	4809
93	4825
93	4836
93	4837
93	4838
93	4855
93	4858
93	4952
93	5052
93	5157
93	5519
93	5536
93	5552
93	5553
93	5614
93	5620
93	5675
93	5694
93	5696
93	5698
93	5703
93	6134
93	6349
93	6430
93	6554
93	6561
93	6562
93	6609
93	6641
93	6657
93	6658
93	6715
93	6820
93	7015
93	7089
93	7095
93	7168
93	7171
93	7236
93	7469
93	7784
93	7947
93	7955
93	8224
93	8270
93	8543
93	8548
93	8629
93	8864
93	8970
93	9045
93	9252
93	9473
93	9476
93	9483
93	9488
93	9489
93	9490
93	9586
93	9587
93	9636
93	9760
93	9917
93	10201
93	10329
93	10358
93	10415
93	10440
93	10634
93	10683
93	10698
93	10699
93	10700
93	10701
93	10702
93	10703
93	10704
93	10705
93	10706
93	10707
93	10708
93	10709
93	10710
93	10711
93	10712
93	10713
93	10714
93	10715
93	10716
93	10717
93	10718
93	10719
93	10720
93	10721
93	10722
93	10723
93	10724
93	10725
93	10726
93	10727
93	10728
93	10729
93	10730
93	10731
93	10732
93	10733
93	10734
93	10735
93	10736
93	10737
93	10738
93	10739
93	10740
93	10741
93	10742
93	10743
93	10744
93	10745
93	10746
93	10747
93	10748
93	10749
93	10750
93	10751
93	10752
93	10753
93	10754
93	10755
93	10756
93	10757
93	10758
93	10759
93	10760
93	10761
93	10762
93	10763
93	10764
93	10765
93	10766
93	10767
93	10768
93	10769
93	10770
94	54
94	56
94	82
94	102
94	109
94	1507
94	1725
94	1821
95	27
95	54
95	72
95	76
95	77
95	83
95	88
95	90
95	132
95	136
95	151
95	155
95	169
95	173
95	174
95	175
95	184
95	213
95	215
95	218
95	219
95	221
95	228
95	277
95	295
95	300
95	307
95	308
95	326
95	343
95	368
95	375
95	386
95	404
95	418
95	426
95	448
95	452
95	457
95	458
95	471
95	478
95	480
95	488
95	491
95	493
95	498
95	499
95	509
95	510
95	516
95	519
95	520
95	526
95	530
95	531
95	539
95	550
95	556
95	565
95	566
95	572
95	588
95	599
95	608
95	620
95	621
95	645
95	659
95	664
95	700
95	718
95	719
95	753
95	769
95	786
95	787
95	802
95	816
95	818
95	820
95	851
95	852
95	879
95	882
95	885
95	889
95	898
95	900
95	909
95	931
95	949
95	951
95	958
95	1028
95	1041
95	1162
95	1208
95	1241
95	1297
95	1315
95	1329
95	1340
95	1354
95	1359
95	1361
95	1366
95	1367
95	1382
95	1396
95	1419
95	1443
95	1474
95	1478
95	1487
95	1508
95	1528
95	1541
95	1558
95	1606
95	1607
95	1618
95	1620
95	1654
95	1672
95	1686
95	1688
95	1697
95	1713
95	1742
95	1762
95	1763
95	1781
95	1813
95	1831
95	1832
95	1835
95	1846
95	1847
95	1852
95	1856
95	1878
95	1982
95	1983
95	2001
95	2118
95	2430
95	2471
95	2509
95	2510
95	2511
95	2516
95	2567
95	2651
95	2669
95	2782
95	2800
95	2818
95	2951
95	2977
95	2980
95	3061
95	3108
95	3144
95	3147
95	3185
95	3196
95	3311
95	3477
95	3981
95	4027
95	4080
95	4119
95	4121
95	4124
95	4139
95	4140
95	4149
95	4174
95	4178
95	4480
95	4486
95	4487
95	4497
95	4502
95	4505
95	4510
95	4521
95	4536
95	4542
95	4546
95	4551
95	4556
95	4571
95	4572
95	4573
95	4575
95	4577
95	4578
95	4677
95	4681
95	4700
95	4898
95	4969
95	5030
95	5155
95	5161
95	5165
95	5168
95	5170
95	5174
95	5210
95	5218
95	5223
95	5331
95	5465
95	5511
95	5536
95	5692
95	5742
95	5900
95	5946
95	6063
95	6111
95	6119
95	6191
95	6192
95	6250
95	6282
95	6372
95	6593
95	6833
95	6874
95	6877
95	7130
95	7268
95	7320
95	7373
95	7459
95	7634
95	7700
95	7954
95	8192
95	8264
95	8368
95	8374
95	8512
95	8543
95	8548
95	8550
95	8657
95	8671
95	8839
95	8846
95	8896
95	9175
95	9242
95	9292
95	9413
95	9484
95	9496
95	9799
95	9815
95	9877
95	10013
95	10185
95	10229
95	10286
95	10393
95	10610
95	10641
95	10656
95	10669
95	10707
95	10856
95	10918
95	10959
95	11014
95	11641
95	11666
95	11670
95	12019
95	12084
95	12110
95	12113
95	12114
95	12115
95	12119
95	12136
95	12148
95	12171
95	12172
95	12178
95	12180
95	12195
95	12370
95	12406
95	12411
95	12413
95	12414
95	12415
95	12417
95	12421
95	12425
95	12432
95	12434
95	12451
95	12452
95	12456
95	12460
95	12462
95	12465
95	12469
95	12471
95	12479
95	12483
95	12488
95	12504
95	12508
95	12531
95	12553
95	12558
95	12562
95	12585
95	12587
95	12608
95	12614
95	12617
95	12626
95	12667
95	12670
95	12676
95	12688
95	12694
95	12696
95	12708
95	12709
95	12718
95	12757
95	12762
95	12770
95	12786
95	12844
95	12845
95	12896
95	12960
95	13004
95	13022
95	13023
95	13070
95	13098
95	13099
95	13100
95	13101
95	13102
95	13104
95	13105
95	13106
95	13328
95	13915
95	13916
95	13917
95	13919
95	14573
95	14575
95	14578
95	15465
95	15682
95	15683
95	15684
95	15685
95	15686
95	15687
95	15688
95	15689
95	15690
95	15691
95	15692
95	15693
95	15694
95	15695
95	15696
95	15697
95	15698
95	15699
95	15700
95	15701
95	15702
95	15703
95	15704
95	15705
95	15706
95	15707
95	15708
95	15709
95	15710
95	15711
95	15712
95	15713
95	15714
95	15715
95	15716
95	15717
95	15718
95	15719
95	15720
95	15721
95	15722
95	15723
95	15724
95	15725
95	15726
95	15727
95	15728
95	15729
95	15730
95	15731
95	15732
95	15733
95	15734
95	15735
95	15736
95	15737
95	15738
95	15739
95	15740
95	15741
95	15742
95	15743
95	15744
95	15745
95	15746
95	15747
95	15748
95	15749
95	15750
95	15751
95	15752
95	15753
95	15754
95	15755
95	15756
95	15757
95	15758
95	15759
95	15760
95	15761
95	15762
95	15763
95	15764
95	15765
95	15766
95	15767
95	15768
95	15769
95	15770
95	15771
95	15772
95	15773
95	15774
95	15775
95	15776
95	15777
95	15778
95	15779
95	15780
95	15781
95	15782
95	15783
95	15784
95	15785
95	15786
95	15787
95	15788
95	15789
95	15790
95	15791
95	15792
95	15793
95	15794
95	15795
95	15796
95	15797
95	15798
95	15799
95	15800
95	15801
95	15802
95	15803
95	15804
95	15805
95	15806
95	15807
95	15808
95	15809
95	15810
95	15811
95	15812
95	15813
95	15814
95	15815
95	15816
95	15817
95	15818
95	15819
95	15820
95	15821
95	15822
95	15823
95	15824
95	15825
95	15826
95	15827
95	15828
95	15829
95	15830
95	15831
95	15832
95	15833
95	15834
95	15835
95	15836
95	15837
95	15838
95	15839
95	15840
95	15841
95	15842
95	15843
95	15844
95	15845
95	15846
95	15847
95	15848
95	15849
95	15850
95	15851
95	15852
95	15853
95	15854
95	15855
95	15856
95	15857
95	15858
95	15859
95	15860
95	15861
95	15862
95	15863
95	15864
95	15865
95	15866
95	15867
95	15868
95	15869
95	15870
95	15871
95	15872
95	15873
95	15874
95	15875
95	15876
95	15877
95	15878
95	15879
95	15880
95	15881
95	15882
95	15883
95	15884
95	15885
95	15886
95	15887
95	15888
95	15889
95	15890
95	15891
95	15892
95	15893
95	15894
95	15895
95	15896
95	15897
95	15898
95	15899
95	15900
95	15901
95	15902
95	15903
95	15904
95	15905
95	15906
95	15907
95	15908
95	15909
95	15910
95	15911
96	54
96	56
96	74
96	82
96	83
96	86
96	112
96	113
96	128
96	149
96	150
96	870
96	1504
96	1903
96	1997
96	2832
97	54
97	56
97	79
97	83
97	86
97	88
97	92
97	106
97	113
97	140
97	147
97	165
97	183
97	185
97	186
97	261
97	271
97	280
97	286
97	301
97	345
97	350
97	360
97	420
97	465
97	572
97	615
97	866
97	887
97	895
97	935
97	936
97	949
97	1071
97	1139
97	1158
97	1668
97	1817
97	2031
97	2056
97	5518
97	5696
97	6543
97	6645
98	54
98	390
99	54
99	73
99	82
99	86
99	100
99	102
99	149
99	223
99	888
99	1504
99	1817
99	1924
99	1926
99	1964
99	1997
99	2561
99	2816
99	2832
99	2847
99	7126
99	13356
99	13357
100	54
100	86
100	99
100	102